1669  -0.397147890634783  -0.917754625683980   1732  -0.587785252292474  -0.809016994374947   1671  -0.062790519529316  -0.998026728428271
1670  -0.218143241396541  -0.975916761938748   1669  -0.397147890634783  -0.917754625683980   1672   0.125333233564307  -0.992114701314478
1671  -0.062790519529316  -0.998026728428271   1672   0.125333233564307  -0.992114701314478   1669  -0.397147890634783  -0.917754625683980
1672   0.125333233564307  -0.992114701314478   1673   0.309016994374946  -0.951056516295154   1670  -0.218143241396541  -0.975916761938748
1673   0.309016994374946  -0.951056516295154   1672   0.125333233564307  -0.992114701314478   1671  -0.062790519529316  -0.998026728428271
1674   0.453990499739548  -0.891006524188367   1739   0.637423989748690  -0.770513242775789   1672   0.125333233564307  -0.992114701314478
1719  -0.425779291565071  -0.904827052466020   1782  -0.637423989748689  -0.770513242775790   1721  -0.125333233564304  -0.992114701314478
1720  -0.278991106039228  -0.960293685676944   1721  -0.125333233564304  -0.992114701314478   1722   0.062790519529312  -0.998026728428272
1721  -0.125333233564304  -0.992114701314478   1722   0.062790519529312  -0.998026728428272   1719  -0.425779291565071  -0.904827052466020
1722   0.062790519529312  -0.998026728428272   1723   0.248689887164855  -0.968583161128631   1724   0.397147890634778  -0.917754625683982
1723   0.248689887164855  -0.968583161128631   1722   0.062790519529312  -0.998026728428272   1721  -0.125333233564304  -0.992114701314478
1724   0.397147890634778  -0.917754625683982   1789   0.587785252292475  -0.809016994374946   1722   0.062790519529312  -0.998026728428272
1731  -0.684547105928690  -0.728968627421411   1732  -0.587785252292474  -0.809016994374947   1669  -0.397147890634783  -0.917754625683980
1732  -0.587785252292474  -0.809016994374947   1669  -0.397147890634783  -0.917754625683980   1795  -0.770513242775787  -0.637423989748692
1739   0.637423989748690  -0.770513242775789   1804   0.809016994374947  -0.587785252292474   1673   0.309016994374946  -0.951056516295154
1782  -0.637423989748689  -0.770513242775790   1719  -0.425779291565071  -0.904827052466020   1720  -0.278991106039228  -0.960293685676944
1789   0.587785252292475  -0.809016994374946   1724   0.397147890634778  -0.917754625683982   1854   0.770513242775790  -0.637423989748689
1790   0.684547105928690  -0.728968627421411   1789   0.587785252292475  -0.809016994374946   1724   0.397147890634778  -0.917754625683982
1795  -0.770513242775787  -0.637423989748692   1858  -0.904827052466020  -0.425779291565072   1732  -0.587785252292474  -0.809016994374947
1804   0.809016994374947  -0.587785252292474   1739   0.637423989748690  -0.770513242775789   1933   0.968583161128631  -0.248689887164856
1845  -0.809016994374946  -0.587785252292475   1782  -0.637423989748689  -0.770513242775790   1972  -0.968583161128631  -0.248689887164855
1854   0.770513242775790  -0.637423989748689   1789   0.587785252292475  -0.809016994374946   1919   0.904827052466020  -0.425779291565071
1858  -0.904827052466020  -0.425779291565072   1795  -0.770513242775787  -0.637423989748692   1986  -0.995561964603080  -0.094108313318514
1869   0.917754625683982  -0.397147890634779   1804   0.809016994374947  -0.587785252292474   1997   0.995561964603080  -0.094108313318514
1908  -0.917754625683982  -0.397147890634778   1845  -0.809016994374946  -0.587785252292475   2036  -0.995561964603080  -0.094108313318513
1919   0.904827052466020  -0.425779291565071   1854   0.770513242775790  -0.637423989748689   2047   0.995561964603080  -0.094108313318512
1922  -0.960293685676943  -0.278991106039229   1986  -0.995561964603080  -0.094108313318514   2050  -0.995561964603080   0.094108313318514
1933   0.968583161128631  -0.248689887164856   1869   0.917754625683982  -0.397147890634779   2061   0.995561964603080   0.094108313318514
1972  -0.968583161128631  -0.248689887164855   1908  -0.917754625683982  -0.397147890634778   2100  -0.995561964603080   0.094108313318512
1983   0.960293685676943  -0.278991106039229   2047   0.995561964603080  -0.094108313318512   2111   0.995561964603080   0.094108313318513
1986  -0.995561964603080  -0.094108313318514   2050  -0.995561964603080   0.094108313318514   1858  -0.904827052466020  -0.425779291565072
1997   0.995561964603080  -0.094108313318514   2061   0.995561964603080   0.094108313318514   1869   0.917754625683982  -0.397147890634779
2036  -0.995561964603080  -0.094108313318513   2100  -0.995561964603080   0.094108313318512   1908  -0.917754625683982  -0.397147890634778
2047   0.995561964603080  -0.094108313318512   1983   0.960293685676943  -0.278991106039229   1919   0.904827052466020  -0.425779291565071
2050  -0.995561964603080   0.094108313318514   1986  -0.995561964603080  -0.094108313318514   2178  -0.904827052466020   0.425779291565072
2061   0.995561964603080   0.094108313318514   1997   0.995561964603080  -0.094108313318514   2189   0.917754625683982   0.397147890634779
2100  -0.995561964603080   0.094108313318512   2036  -0.995561964603080  -0.094108313318513   2228  -0.917754625683983   0.397147890634777
2111   0.995561964603080   0.094108313318513   2175   0.960293685676944   0.278991106039227   2239   0.904827052466020   0.425779291565072
2114  -0.960293685676943   0.278991106039230   2050  -0.995561964603080   0.094108313318514   1986  -0.995561964603080  -0.094108313318514
2125   0.968583161128631   0.248689887164856   2061   0.995561964603080   0.094108313318514   1997   0.995561964603080  -0.094108313318514
2164  -0.968583161128631   0.248689887164856   2100  -0.995561964603080   0.094108313318512   2036  -0.995561964603080  -0.094108313318513
2175   0.960293685676944   0.278991106039227   2111   0.995561964603080   0.094108313318513   2047   0.995561964603080  -0.094108313318512
2178  -0.904827052466020   0.425779291565072   2243  -0.770513242775788   0.637423989748691   2050  -0.995561964603080   0.094108313318514
2189   0.917754625683982   0.397147890634779   2252   0.809016994374946   0.587785252292475   2061   0.995561964603080   0.094108313318514
2228  -0.917754625683983   0.397147890634777   2293  -0.809016994374946   0.587785252292476   2100  -0.995561964603080   0.094108313318512
2239   0.904827052466020   0.425779291565072   2302   0.770513242775791   0.637423989748688   2111   0.995561964603080   0.094108313318513
2243  -0.770513242775788   0.637423989748691   2308  -0.587785252292474   0.809016994374947   2178  -0.904827052466020   0.425779291565072
2252   0.809016994374946   0.587785252292475   2315   0.637423989748692   0.770513242775787   2125   0.968583161128631   0.248689887164856
2293  -0.809016994374946   0.587785252292476   2358  -0.637423989748690   0.770513242775789   2164  -0.968583161128631   0.248689887164856
2302   0.770513242775791   0.637423989748688   2239   0.904827052466020   0.425779291565072   2365   0.587785252292475   0.809016994374946
2307  -0.684547105928688   0.728968627421412   2308  -0.587785252292474   0.809016994374947   2373  -0.397147890634780   0.917754625683981
2308  -0.587785252292474   0.809016994374947   2373  -0.397147890634780   0.917754625683981   2243  -0.770513242775788   0.637423989748691
2315   0.637423989748692   0.770513242775787   2252   0.809016994374946   0.587785252292475   2377   0.309016994374950   0.951056516295153
2358  -0.637423989748690   0.770513242775789   2293  -0.809016994374946   0.587785252292476   2424  -0.278991106039228   0.960293685676943
2365   0.587785252292475   0.809016994374946   2428   0.397147890634778   0.917754625683982   2302   0.770513242775791   0.637423989748688
2366   0.684547105928689   0.728968627421412   2302   0.770513242775791   0.637423989748688   2428   0.397147890634778   0.917754625683982
2373  -0.397147890634780   0.917754625683981   2308  -0.587785252292474   0.809016994374947   2375  -0.062790519529313   0.998026728428272
2374  -0.218143241396544   0.975916761938747   2373  -0.397147890634780   0.917754625683981   2376   0.125333233564304   0.992114701314478
2375  -0.062790519529313   0.998026728428272   2376   0.125333233564304   0.992114701314478   2373  -0.397147890634780   0.917754625683981
2376   0.125333233564304   0.992114701314478   2375  -0.062790519529313   0.998026728428272   2378   0.453990499739546   0.891006524188368
2377   0.309016994374950   0.951056516295153   2376   0.125333233564304   0.992114701314478   2375  -0.062790519529313   0.998026728428272
2378   0.453990499739546   0.891006524188368   2315   0.637423989748692   0.770513242775787   2376   0.125333233564304   0.992114701314478
2423  -0.425779291565072   0.904827052466020   2358  -0.637423989748690   0.770513242775789   2425  -0.125333233564304   0.992114701314478
2424  -0.278991106039228   0.960293685676943   2425  -0.125333233564304   0.992114701314478   2426   0.062790519529312   0.998026728428272
2425  -0.125333233564304   0.992114701314478   2426   0.062790519529312   0.998026728428272   2423  -0.425779291565072   0.904827052466020
2426   0.062790519529312   0.998026728428272   2427   0.248689887164855   0.968583161128631   2424  -0.278991106039228   0.960293685676943
2427   0.248689887164855   0.968583161128631   2426   0.062790519529312   0.998026728428272   2425  -0.125333233564304   0.992114701314478
2428   0.397147890634778   0.917754625683982   2365   0.587785252292475   0.809016994374946   2366   0.684547105928689   0.728968627421412
