1669   0.060483784881839   0.408683414744444   1732   0.041515367396899   0.419502809059693   1671   0.093752343306833   0.400696340521387
1670   0.078294747481044   0.402896282187095   1669   0.060483784881839   0.408683414744444   1672   0.112470656739648   0.401284587219209
1671   0.093752343306833   0.400696340521387   1672   0.112470656739648   0.401284587219209   1669   0.060483784881839   0.408683414744444
1672   0.112470656739648   0.401284587219209   1673   0.130747190940307   0.405369876628632   1670   0.078294747481044   0.402896282187095
1673   0.130747190940307   0.405369876628632   1672   0.112470656739648   0.401284587219209   1671   0.093752343306833   0.400696340521387
1674   0.145172054724085   0.411344850843257   1739   0.163423686979995   0.423333932343809   1672   0.112470656739648   0.401284587219209
1719   0.856922070843493   0.409517294753398   1782   0.835757601025131   0.422948675722421   1721   0.886966676643570   0.400788529868552
1720   0.871600889396077   0.403970631432306   1721   0.886966676643570   0.400788529868552   1722   0.905779051952931   0.400197327157173
1721   0.886966676643570   0.400788529868552   1722   0.905779051952931   0.400197327157173   1719   0.856922070843493   0.409517294753398
1722   0.905779051952931   0.400197327157173   1723   0.924368988716485   0.403141683887137   1724   0.939214789063478   0.408224537431602
1723   0.924368988716485   0.403141683887137   1722   0.905779051952931   0.400197327157173   1721   0.886966676643570   0.400788529868552
1724   0.939214789063478   0.408224537431602   1789   0.958278525229247   0.419098300562505   1722   0.905779051952931   0.400197327157173
1731   0.031887562960095   0.427467621571570   1732   0.041515367396899   0.419502809059693   1669   0.060483784881839   0.408683414744444
1732   0.041515367396899   0.419502809059693   1669   0.060483784881839   0.408683414744444   1795   0.023333932343809   0.436576313020005
1739   0.163423686979995   0.423333932343809   1804   0.180497190940307   0.441515367396899   1673   0.130747190940307   0.405369876628632
1782   0.835757601025131   0.422948675722421   1719   0.856922070843493   0.409517294753398   1720   0.871600889396077   0.403970631432306
1789   0.958278525229247   0.419098300562505   1724   0.939214789063478   0.408224537431602   1854   0.976551324277579   0.436257601025131
1790   0.967954710592869   0.427103137257859   1789   0.958278525229247   0.419098300562505   1724   0.939214789063478   0.408224537431602
1795   0.023333932343809   0.436576313020005   1858   0.009969708279631   0.457634960489275   1732   0.041515367396899   0.419502809059693
1804   0.180497190940307   0.441515367396899   1739   0.163423686979995   0.423333932343809   1933   0.196374024532299   0.475255356227097
1845   0.818598300562505   0.441221474770753   1782   0.835757601025131   0.422948675722421   1972   0.802641683887137   0.475131011283515
1854   0.976551324277579   0.436257601025131   1789   0.958278525229247   0.419098300562505   1919   0.989982705246602   0.457422070843493
1858   0.009969708279631   0.457634960489275   1795   0.023333932343809   0.436576313020005   1986   0.000941584521994   0.490636222824808
1869   0.191316585255556   0.460483784881839   1804   0.180497190940307   0.441515367396899   1997   0.199058415478006   0.490636222824808
1908   0.807724537431602   0.460285210936522   1845   0.818598300562505   0.441221474770753   2036   0.799943803539692   0.490589168668149
1919   0.989982705246602   0.457422070843493   1854   0.976551324277579   0.436257601025131   2047   0.999056196460308   0.490589168668149
1922   0.004450778275144   0.472240384949097   1986   0.000941584521994   0.490636222824808   2050   0.000941584521994   0.509363777175192
1933   0.196374024532299   0.475255356227097   1869   0.191316585255556   0.460483784881839   2061   0.199058415478006   0.509363777175192
1972   0.802641683887137   0.475131011283515   1908   0.807724537431602   0.460285210936522   2100   0.799943803539692   0.509410831331851
1983   0.995529368567694   0.472100889396077   2047   0.999056196460308   0.490589168668149   2111   0.999056196460308   0.509410831331851
1986   0.000941584521994   0.490636222824808   2050   0.000941584521994   0.509363777175192   1858   0.009969708279631   0.457634960489275
1997   0.199058415478006   0.490636222824808   2061   0.199058415478006   0.509363777175192   1869   0.191316585255556   0.460483784881839
2036   0.799943803539692   0.490589168668149   2100   0.799943803539692   0.509410831331851   1908   0.807724537431602   0.460285210936522
2047   0.999056196460308   0.490589168668149   1983   0.995529368567694   0.472100889396077   1919   0.989982705246602   0.457422070843493
2050   0.000941584521994   0.509363777175192   1986   0.000941584521994   0.490636222824808   2178   0.009969708279631   0.542365039510725
2061   0.199058415478006   0.509363777175192   1997   0.199058415478006   0.490636222824808   2189   0.191316585255556   0.539516215118161
2100   0.799943803539692   0.509410831331851   2036   0.799943803539692   0.490589168668149   2228   0.807724537431602   0.539714789063478
2111   0.999056196460308   0.509410831331851   2175   0.995529368567694   0.527899110603923   2239   0.989982705246602   0.542577929156507
2114   0.004450778275144   0.527759615050903   2050   0.000941584521994   0.509363777175192   1986   0.000941584521994   0.490636222824808
2125   0.196374024532299   0.524744643772903   2061   0.199058415478006   0.509363777175192   1997   0.199058415478006   0.490636222824808
2164   0.802641683887137   0.524868988716485   2100   0.799943803539692   0.509410831331851   2036   0.799943803539692   0.490589168668149
2175   0.995529368567694   0.527899110603923   2111   0.999056196460308   0.509410831331851   2047   0.999056196460308   0.490589168668149
2178   0.009969708279631   0.542365039510725   2243   0.023333932343809   0.563423686979995   2050   0.000941584521994   0.509363777175192
2189   0.191316585255556   0.539516215118161   2252   0.180497190940307   0.558484632603101   2061   0.199058415478006   0.509363777175192
2228   0.807724537431602   0.539714789063478   2293   0.818598300562505   0.558778525229247   2100   0.799943803539692   0.509410831331851
2239   0.989982705246602   0.542577929156507   2302   0.976551324277579   0.563742398974869   2111   0.999056196460308   0.509410831331851
2243   0.023333932343809   0.563423686979995   2308   0.041515367396899   0.580497190940307   2178   0.009969708279631   0.542365039510725
2252   0.180497190940307   0.558484632603101   2315   0.163423686979995   0.576666067656191   2125   0.196374024532299   0.524744643772903
2293   0.818598300562505   0.558778525229247   2358   0.835757601025131   0.577051324277579   2164   0.802641683887137   0.524868988716485
2302   0.976551324277579   0.563742398974869   2239   0.989982705246602   0.542577929156507   2365   0.958278525229247   0.580901699437495
2307   0.031887562960095   0.572532378428430   2308   0.041515367396899   0.580497190940307   2373   0.060483784881839   0.591316585255556
2308   0.041515367396899   0.580497190940307   2373   0.060483784881839   0.591316585255556   2243   0.023333932343809   0.563423686979995
2315   0.163423686979995   0.576666067656191   2252   0.180497190940307   0.558484632603101   2377   0.130747190940307   0.594630123371368
2358   0.835757601025131   0.577051324277579   2293   0.818598300562505   0.558778525229247   2424   0.871600889396077   0.596029368567694
2365   0.958278525229247   0.580901699437495   2428   0.939214789063478   0.591775462568398   2302   0.976551324277579   0.563742398974869
2366   0.967954710592869   0.572896862742141   2302   0.976551324277579   0.563742398974869   2428   0.939214789063478   0.591775462568398
2373   0.060483784881839   0.591316585255556   2308   0.041515367396899   0.580497190940307   2375   0.093752343306833   0.599303659478613
2374   0.078294747481044   0.597103717812905   2373   0.060483784881839   0.591316585255556   2376   0.112470656739648   0.598715412780791
2375   0.093752343306833   0.599303659478613   2376   0.112470656739648   0.598715412780791   2373   0.060483784881839   0.591316585255556
2376   0.112470656739648   0.598715412780791   2375   0.093752343306833   0.599303659478613   2378   0.145172054724085   0.588655149156743
2377   0.130747190940307   0.594630123371368   2376   0.112470656739648   0.598715412780791   2375   0.093752343306833   0.599303659478613
2378   0.145172054724085   0.588655149156743   2315   0.163423686979995   0.576666067656191   2376   0.112470656739648   0.598715412780791
2423   0.856922070843493   0.590482705246602   2358   0.835757601025131   0.577051324277579   2425   0.886966676643570   0.599211470131448
2424   0.871600889396077   0.596029368567694   2425   0.886966676643570   0.599211470131448   2426   0.905779051952931   0.599802672842827
2425   0.886966676643570   0.599211470131448   2426   0.905779051952931   0.599802672842827   2423   0.856922070843493   0.590482705246602
2426   0.905779051952931   0.599802672842827   2427   0.924368988716485   0.596858316112863   2424   0.871600889396077   0.596029368567694
2427   0.924368988716485   0.596858316112863   2426   0.905779051952931   0.599802672842827   2425   0.886966676643570   0.599211470131448
2428   0.939214789063478   0.591775462568398   2365   0.958278525229247   0.580901699437495   2366   0.967954710592869   0.572896862742141
