1604   0.047619047619048   0.396825396825397   1605   0.063492063492063   0.396825396825397   1668   0.047619047619048   0.412698412698413
1605   0.063492063492063   0.396825396825397   1606   0.079365079365079   0.396825396825397   1607   0.095238095238095   0.396825396825397
1606   0.079365079365079   0.396825396825397   1607   0.095238095238095   0.396825396825397   1608   0.111111111111111   0.396825396825397
1607   0.095238095238095   0.396825396825397   1608   0.111111111111111   0.396825396825397   1609   0.126984126984127   0.396825396825397
1608   0.111111111111111   0.396825396825397   1609   0.126984126984127   0.396825396825397   1610   0.142857142857143   0.396825396825397
1611   0.158730158730159   0.396825396825397   1610   0.142857142857143   0.396825396825397   1675   0.158730158730159   0.412698412698413
1654   0.841269841269841   0.396825396825397   1655   0.857142857142857   0.396825396825397   1718   0.841269841269841   0.412698412698413
1655   0.857142857142857   0.396825396825397   1656   0.873015873015873   0.396825396825397   1657   0.888888888888889   0.396825396825397
1656   0.873015873015873   0.396825396825397   1657   0.888888888888889   0.396825396825397   1658   0.904761904761905   0.396825396825397
1657   0.888888888888889   0.396825396825397   1658   0.904761904761905   0.396825396825397   1659   0.920634920634921   0.396825396825397
1658   0.904761904761905   0.396825396825397   1659   0.920634920634921   0.396825396825397   1660   0.936507936507937   0.396825396825397
1661   0.952380952380952   0.396825396825397   1660   0.936507936507937   0.396825396825397   1725   0.952380952380952   0.412698412698413
1666   0.015873015873016   0.412698412698413   1667   0.031746031746032   0.412698412698413   1730   0.015873015873016   0.428571428571429
1667   0.031746031746032   0.412698412698413   1668   0.047619047619048   0.412698412698413   1670   0.079365079365079   0.412698412698413
1676   0.174603174603175   0.412698412698413   1675   0.158730158730159   0.412698412698413   1740   0.174603174603175   0.428571428571429
1717   0.825396825396825   0.412698412698413   1718   0.841269841269841   0.412698412698413   1781   0.825396825396825   0.428571428571429
1660   0.936507936507937   0.396825396825397   1725   0.952380952380952   0.412698412698413   1726   0.968253968253968   0.412698412698413
1727   0.984126984126984   0.412698412698413   1726   0.968253968253968   0.412698412698413   1791   0.984126984126984   0.428571428571429
1730   0.015873015873016   0.428571428571429   1794   0.015873015873016   0.444444444444444   1857                   0   0.460317460317460
1741   0.190476190476190   0.428571428571429   1740   0.174603174603175   0.428571428571429   1805   0.190476190476190   0.444444444444444
1780   0.809523809523810   0.428571428571429   1781   0.825396825396825   0.428571428571429   1844   0.809523809523810   0.444444444444444
1791   0.984126984126984   0.428571428571429   1855   0.984126984126984   0.444444444444444   1920   1.000000000000000   0.460317460317460
1793                   0   0.444444444444444   1794   0.015873015873016   0.444444444444444   1857                   0   0.460317460317460
1806   0.206349206349206   0.444444444444444   1805   0.190476190476190   0.444444444444444   1870   0.206349206349206   0.460317460317460
1843   0.793650793650794   0.444444444444444   1844   0.809523809523810   0.444444444444444   1907   0.793650793650794   0.460317460317460
1856   1.000000000000000   0.444444444444444   1855   0.984126984126984   0.444444444444444   1920   1.000000000000000   0.460317460317460
1857                   0   0.460317460317460   1921                   0   0.476190476190476   1985                   0   0.492063492063492
1870   0.206349206349206   0.460317460317460   1934   0.206349206349206   0.476190476190476   1998   0.206349206349206   0.492063492063492
1907   0.793650793650794   0.460317460317460   1971   0.793650793650794   0.476190476190476   2035   0.793650793650794   0.492063492063492
1920   1.000000000000000   0.460317460317460   1984   1.000000000000000   0.476190476190476   2048   1.000000000000000   0.492063492063492
1921                   0   0.476190476190476   1985                   0   0.492063492063492   2049                   0   0.507936507936508
1934   0.206349206349206   0.476190476190476   1998   0.206349206349206   0.492063492063492   2062   0.206349206349206   0.507936507936508
1971   0.793650793650794   0.476190476190476   2035   0.793650793650794   0.492063492063492   2099   0.793650793650794   0.507936507936508
1984   1.000000000000000   0.476190476190476   2048   1.000000000000000   0.492063492063492   2112   1.000000000000000   0.507936507936508
1985                   0   0.492063492063492   2049                   0   0.507936507936508   2113                   0   0.523809523809524
1998   0.206349206349206   0.492063492063492   2062   0.206349206349206   0.507936507936508   2126   0.206349206349206   0.523809523809524
2035   0.793650793650794   0.492063492063492   2099   0.793650793650794   0.507936507936508   2163   0.793650793650794   0.523809523809524
2048   1.000000000000000   0.492063492063492   2112   1.000000000000000   0.507936507936508   2176   1.000000000000000   0.523809523809524
2049                   0   0.507936507936508   2113                   0   0.523809523809524   2177                   0   0.539682539682540
2062   0.206349206349206   0.507936507936508   2126   0.206349206349206   0.523809523809524   2190   0.206349206349206   0.539682539682540
2099   0.793650793650794   0.507936507936508   2163   0.793650793650794   0.523809523809524   2227   0.793650793650794   0.539682539682540
2112   1.000000000000000   0.507936507936508   2176   1.000000000000000   0.523809523809524   2240   1.000000000000000   0.539682539682540
2177                   0   0.539682539682540   2241                   0   0.555555555555556   2242   0.015873015873016   0.555555555555556
2190   0.206349206349206   0.539682539682540   2253   0.190476190476190   0.555555555555556   2254   0.206349206349206   0.555555555555556
2227   0.793650793650794   0.539682539682540   2291   0.793650793650794   0.555555555555556   2292   0.809523809523810   0.555555555555556
2240   1.000000000000000   0.539682539682540   2303   0.984126984126984   0.555555555555556   2304   1.000000000000000   0.555555555555556
2177                   0   0.539682539682540   2242   0.015873015873016   0.555555555555556   2306   0.015873015873016   0.571428571428571
2253   0.190476190476190   0.555555555555556   2316   0.174603174603175   0.571428571428571   2317   0.190476190476190   0.571428571428571
2292   0.809523809523810   0.555555555555556   2356   0.809523809523810   0.571428571428571   2357   0.825396825396825   0.571428571428571
2240   1.000000000000000   0.539682539682540   2303   0.984126984126984   0.555555555555556   2367   0.984126984126984   0.571428571428571
2306   0.015873015873016   0.571428571428571   2370   0.015873015873016   0.587301587301587   2371   0.031746031746032   0.587301587301587
2371   0.031746031746032   0.587301587301587   2372   0.047619047619048   0.587301587301587   2437   0.063492063492063   0.603174603174603
2316   0.174603174603175   0.571428571428571   2379   0.158730158730159   0.587301587301587   2380   0.174603174603175   0.587301587301587
2357   0.825396825396825   0.571428571428571   2421   0.825396825396825   0.587301587301587   2422   0.841269841269841   0.587301587301587
2492   0.936507936507937   0.603174603174603   2429   0.952380952380952   0.587301587301587   2430   0.968253968253968   0.587301587301587
2367   0.984126984126984   0.571428571428571   2430   0.968253968253968   0.587301587301587   2431   0.984126984126984   0.587301587301587
2372   0.047619047619048   0.587301587301587   2436   0.047619047619048   0.603174603174603   2437   0.063492063492063   0.603174603174603
2437   0.063492063492063   0.603174603174603   2438   0.079365079365079   0.603174603174603   2439   0.095238095238095   0.603174603174603
2438   0.079365079365079   0.603174603174603   2439   0.095238095238095   0.603174603174603   2440   0.111111111111111   0.603174603174603
2439   0.095238095238095   0.603174603174603   2440   0.111111111111111   0.603174603174603   2441   0.126984126984127   0.603174603174603
2440   0.111111111111111   0.603174603174603   2441   0.126984126984127   0.603174603174603   2442   0.142857142857143   0.603174603174603
2379   0.158730158730159   0.587301587301587   2442   0.142857142857143   0.603174603174603   2443   0.158730158730159   0.603174603174603
2422   0.841269841269841   0.587301587301587   2486   0.841269841269841   0.603174603174603   2487   0.857142857142857   0.603174603174603
2487   0.857142857142857   0.603174603174603   2488   0.873015873015873   0.603174603174603   2489   0.888888888888889   0.603174603174603
2488   0.873015873015873   0.603174603174603   2489   0.888888888888889   0.603174603174603   2490   0.904761904761905   0.603174603174603
2489   0.888888888888889   0.603174603174603   2490   0.904761904761905   0.603174603174603   2491   0.920634920634921   0.603174603174603
2490   0.904761904761905   0.603174603174603   2491   0.920634920634921   0.603174603174603   2492   0.936507936507937   0.603174603174603
2429   0.952380952380952   0.587301587301587   2492   0.936507936507937   0.603174603174603   2493   0.952380952380952   0.603174603174603
