0   0.063492063492063   0.412698412698413
1   0.079365079365079   0.412698412698413
2   0.095238095238095   0.412698412698413
3   0.111111111111111   0.412698412698413
4   0.126984126984127   0.412698412698413
5   0.142857142857143   0.412698412698413
6   0.857142857142857   0.412698412698413
7   0.873015873015873   0.412698412698413
8   0.888888888888889   0.412698412698413
9   0.904761904761905   0.412698412698413
10  0.920634920634921   0.412698412698413
11  0.936507936507937   0.412698412698413
12  0.031746031746032   0.428571428571429
13  0.047619047619048   0.428571428571429
14  0.158730158730159   0.428571428571429
15  0.841269841269841   0.428571428571429
16  0.952380952380952   0.428571428571429
17  0.968253968253968   0.428571428571429
18  0.031746031746032   0.444444444444444
19  0.174603174603175   0.444444444444444
20  0.825396825396825   0.444444444444444
21  0.968253968253968   0.444444444444444
22  0.015873015873016   0.460317460317460
23  0.190476190476190   0.460317460317460
24  0.809523809523810   0.460317460317460
25  0.984126984126984   0.460317460317460
26  0.015873015873016   0.476190476190476
27  0.190476190476190   0.476190476190476
28  0.809523809523810   0.476190476190476
29  0.984126984126984   0.476190476190476
30  0.015873015873016   0.492063492063492
31  0.190476190476190   0.492063492063492
32  0.809523809523810   0.492063492063492
33  0.984126984126984   0.492063492063492
34  0.015873015873016   0.507936507936508
35  0.190476190476190   0.507936507936508
36  0.809523809523810   0.507936507936508
37  0.984126984126984   0.507936507936508
38  0.015873015873016   0.523809523809524
39  0.190476190476190   0.523809523809524
40  0.809523809523810   0.523809523809524
41  0.984126984126984   0.523809523809524
42  0.015873015873016   0.539682539682540
43  0.190476190476190   0.539682539682540
44  0.809523809523810   0.539682539682540
45  0.984126984126984   0.539682539682540
46  0.031746031746032   0.555555555555556
47  0.174603174603175   0.555555555555556
48  0.825396825396825   0.555555555555556
49  0.968253968253968   0.555555555555556
50  0.031746031746032   0.571428571428571
51  0.047619047619048   0.571428571428571
52  0.158730158730159   0.571428571428571
53  0.841269841269841   0.571428571428571
54  0.952380952380952   0.571428571428571
55  0.968253968253968   0.571428571428571
56  0.063492063492063   0.587301587301587
57  0.079365079365079   0.587301587301587
58  0.095238095238095   0.587301587301587
59  0.111111111111111   0.587301587301587
60  0.126984126984127   0.587301587301587
61  0.142857142857143   0.587301587301587
62  0.857142857142857   0.587301587301587
63  0.873015873015873   0.587301587301587
64  0.888888888888889   0.587301587301587
65  0.904761904761905   0.587301587301587
66  0.920634920634921   0.587301587301587
67  0.936507936507937   0.587301587301587
